9242030369
8914543586
9141754029
9148150037
9244030066
9621500081
8421224247
4212940506
9141824202
8924214701
9242122024
9244017445
9145410441
4212300901
9147728876
9141978356
9143169349
8924374817
9294061001
9144089766
9625013983
9141589507
4212653030
9144114933
9842983747
9141792416
9141725170
9098557459
4212944749
4212770290
9528505565
9144116212
9235674534
8924404298
9182939911
9142033666
4212110125
9241077866
4212712184
4212742184
4212956992
9242018656
9244030258
9143499999
9882381223
9628843121
9037362514
9189997330
9145438344
9243023000
8914163741
9098734577
4212667722
9098526313
9142083240
9841763215
9147797970
9242051267
9147749646
9142295352
9147703765
9145447383
9244080989
4212936337
9242098349
4212650703
9886234840
4212206002
9313223445
9372992893
9194347311
9628662000
9307174545
9787206475
9990809583
9144226490
9241029888
9205691606
9141637223
9147723395
4212464043
9033216540
9098224774
9228373393
9628577993
9656350502
9090083191
9676329385
9897535413
7422933373
9622202587
9638200910
4212201638
9218792104
9141590510
9511361008
9638290979
4212246015
9243181648
9098762222
4212438880
4212438885
4212438887
4212438894
4212438879
4212438884
4212438895
4212438883
4212438896
4212438881
4212438888
4212438886
9098414393
9143117961
8422696474
9024808505
9024857939
9142074777
9842923127
9144172080
9385256863
9145413396
9241038313
9141761646
9098524039
9244135059
9625848586
9244030600
9892637556
9141585721
9637504061
9141582666
9145443336
4212562516
9141533803
9144232680
9098446411
9090179023
9244080889
8242295012
7924216331
9259216331
9242144027
9294117254
9622862829
9676329407
8909013073
9126205715
8924404009
9098480730
9089950907
8922957425
9638200919
9143262730
4212256512
4212254228
4212255649
9242105092
9141659161
9145417945
4212256548
4212244164
4112202228
8914776044
7422257733
9142027004
9025050811
9644384803
9147760440
9242030134
9195422212
9025052533
9141908021
9622862008
9145483260
9098446511
9141619705
9281318401
9622268221
9142098943
9145461230
9241086788
4212313743
4212680780
9141551617
9145400577
4212623484
9144232064
9025050661
9142031722
9141576952
9065653150
4212512556
4212285490
9242206126
9141709336
9204007461
4232662208
7963840055
4232918954
4212940094
4232918955
9142021805
9242008855
4212931192
9887323108
4212216554
9244109094
9147920609
9148165640
9143126828
9622970300
9143117858
9146712281
9144094103
9621514044
9243095059
9244033145
9141508414
9243181312
9244175645
9147727109
9280847993
9184314005
9638230201
4212692925
4212766251
4212658200
4212930884
9145461392
9242188323
9625835444
9146099564
9243028912
9842956761
9141884305
9144064345
9180104500
9622077109
9061580856
9621501868
9025069350
9241193813
9189523248
9147711196
9284242426
9385130478
9213817675
9246493578
4212650045
4212940107
9626732375
9294093217
9094041330
9141973133
4212607899
9098220123
9144432440
9098660305
9141685049
9025052440
9098229515
9098572083
9242272117
9098614568
4212340017
9242093683
9625873119
9141583688
9244044474
7929435193
4217515133
9098690555
9149705607
7909017847
9622975133
9025051617
9242205911
9648266456
9141510489
9294804886
9242053595
4232901053
4232488814
9244036603
9024842700
9025066910
9145461718
4217606974
4212944847
9144159935
9244022853
9145447424
9145426140
9098242002
9242269907
4217616902
4217609574
4217758116
9141731054
4217242700
4217200818
4217777361
9089950806
4217616952
4217651065
4217638596
4217240267
4217456600
4217755557
4217286705
4217940091
9098248880
9144188604
9622970540
8914243223
9098479913
9638292035
9141686820
4212328300
9625838193
9638233222
9638292022
9098660593
9098486528
9638291033
9098660487
9141864748
9098458192
9625023678
9638256108
9625016902
9222981266
9638292023
9638286545
4212333393
9098478831
9090184653
9098660605
9141758120
9025576250
9140714362
9147915408
4232721008
4232363039
9667079481
4212619759
9141582278
9142114460
9244140154
9141938641
9242042202
9842953830
9249186236
9242083044
9242272327
4212943559
9090179943
9242149348
9024825412
9024810180
9098222420
4232082908
4212603878
4212464686
9145471787
9141831200
9629745287
4232924483
9089924483
4232914425
4232914470
9089689984
9089689973
9294289571
4232912792
4232660477
4232900212
4232677766
4232484845
9145548979
9147088134
9247333213
9242318458
4232693333
9024833333
4232680767
4232665517
4232781734
4232673665
9242515871
9841511669
9098523325
9622272965
6925027063
7422632087
7422632904
7422625227
7422658804
9667079467
9842914425
7924403402
9142021772
9242122530
9676329406
9145492465
9286604965
9282012165
9142147483
9147312411
9143708536
9098521846
9098432093
7918647634
9186472191
7924413098
4212613384
9098224313
9098087028
9241197832
9098717975
9145481787
9242087595
9244040219
9244040048
9638242485
9222027276
9144142729
9625869409
9098549818
9142165227
9842922066
9028714514
9166245037
9098594695
9530703224
9147756030
9528061848
9145421048
9098701901
9144020784
9628605086
9243103066
9625028006
9098541665
9141636939
9881514123
9147713936
